6 -100
88 -200
99 -100
115 -50
116 -50
117 -50
118 -50
127 -20
233 -50
248 -50
259 -100
264 -100
341 -200
357 -200
360 -100
445 -200
446 -200
447 -200
451 -100
454 -200
456 -200
463 -10
469 -10
476 -200
502 -200
514 -20
524 -200
525 -200
658 -10
659 -10
660 -10
662 -50
663 -50
664 -50
665 -100
692 -200
694 -200
703 -100
731 -10
732 -10
733 -10
758 -200
789 -150
820 -100
821 -200
822 -200
830 -200
833 -200
835 -150
836 -150
838 -150
840 -150
845 -150
857 -150
867 -100
903 -200
913 -200
918 -200
935 -100
942 -200
971 -100
993 -200
1019 -100
1026 -300
1027 -300
1033 -100
1034 -150
1035 -250
1037 -300
1039 -300
1040 -300
1041 -300
1042 -1000
1050 -300
1056 -300
1057 -300
1058 -300
1059 -200
1065 -200
1068 -1000
1070 -300
1072 -300
1073 -300
1074 -300
1075 -200
1077 -300
1078 -300
1080 -150
1081 -150
1082 -150
1083 -150
1085 -300
1100 -10
1107 -300
1108 -300
1111 -300
1112 -300
1113 -300
1115 -1000
1123 -300
1126 -150
1131 -150
1137 -300
1138 -300
1141 -150
1142 -200
1145 -200
1146 -300
1147 -200
1149 -200
1152 -200
1153 -200
1154 -200
1162 -150
1163 -150
1170 -200
1174 -30
1175 -30
1176 -30
1177 -30
1178 -30
1179 -30
1180 -100
1181 -100
1182 -30
1183 -30
1184 -30
1185 -30
1186 -30
1187 -30
1188 -30
1189 -30
1190 -30
1191 -30
1192 -30
1193 -30
1197 -1000
1267 -200
1316 -200
1335 -150
1357 -200
1365 -300
1393 -150
1407 -100
1413 -200
1419 -10
1421 -100
1424 -150
1426 -10
1437 -200
1443 -100
1465 -100
1466 -150
1467 -100
1468 -100
1470 -200
1471 -200
1473 -150
1478 -100
1479 -100
1481 -100
1482 -100
1483 -100
1484 -100
1485 -150
1486 -150
1487 -100
1488 -100
1497 -100
1509 -200
1527 -25
1528 -50
1529 -50
1532 -25
1544 -10
1550 -25
1554 -10
1601 -100
1613 -200
1616 -200
1617 -100
1618 -200
1620 -100
1624 -10
1629 -1000
1637 -10
1638 -300
1640 -300
1641 -10
1642 -300
1644 -10
1646 -10
1647 -10
1648 -10
1650 -10
1651 -10
1654 -10
1655 -10
1657 -10
1658 -10
1686 -1000
1690 -10
1691 -10
1692 -1000
1705 -10
1707 -1000
1735 -200
1769 -300
1783 -200
1789 -100
1790 -200
1791 -200
1793 -100
1811 -200
1815 -300
1816 -200
1926 -100
1930 -200
1949 -200
1950 -200
1952 -100
1957 -100
1965 -200
1966 -200
1967 -100
1968 -200
1969 -100
1970 -100
1971 -100
1977 -100
2005 -100
2006 -100
2011 -200
2040 -200
2045 -200
2046 -1000
2047 -200
2048 -200
2051 -200
2061 -1000
2069 -1000
2073 -200
2081 -200
2082 -200
2095 -100
2102 -100
2103 -100
2104 -100
2105 -100
2108 -200
2116 -10
2120 -1000
2131 -200
2133 -300
2145 -300
2157 -100
2159 -100
2160 -100
2162 -100
2163 -300
2190 -50
2210 -150
2211 -150
2308 -300
2309 -150
2310 -1000
2312 -200
2376 -150
2379 -150
2380 -150
2381 -150
2382 -150
2383 -150
2384 -150
2385 -150
2386 -150
2387 -150
2388 -300
2389 -150
2390 -300
2391 -1000
2393 -150
2394 -150
2436 -100
2437 -100
2438 -200
2441 -100
2442 -100
2443 -200
2444 -100
2448 -100
2449 -100
2450 -100
2451 -100
2452 -100
2453 -50
2454 -100
2480 -200
2503 -100
2506 -100
2543 -100
2549 -200
2550 -200
2554 -10
2587 -30
2642 -300
2655 -300
2660 -100
2667 -200
2672 -150
2689 -200
2690 -200
2700 -300
2705 -200
2717 -200
2718 -200
2736 -200
2737 -200
2748 -300
2755 -1000
2756 -10
2757 -10
2759 -1000
2760 -1000
2761 -1000
2766 -150
2774 -300
2776 -50
2777 -50
2778 -50
2787 -300
2788 -150
2805 -150
2806 -1000
2809 -200
2810 -150
2814 -300
2820 -300
2821 -200
2822 -300
2823 -300
2824 -200
2833 -200
2837 -300
2838 -200
2839 -200
2840 -100
2846 -1000
2847 -150
2856 -200
2880 -1000
2884 -10
2885 -100
2899 -1000
2900 -200
2902 -300
2903 -300
2904 -300
2905 -300
2906 -1000
2907 -1000
2908 -300
2909 -300
2910 -300
2912 -300
2913 -1000
2924 -1000
2925 -1000
2927 -300
2930 -200
2934 -1000
2946 -1000
2960 -100
2961 -1000
2962 -1000
2972 -200
2983 -200
2984 -300
2988 -300
2990 -150
2998 -200
2999 -300
3001 -300
3002 -100
3004 -150
3005 -50
3007 -400
3008 -400
3009 -300
3012 -500
3013 -200
3014 -200
3015 -400
3016 -150
3017 -350
3018 -400
3019 -200
3020 -400
3032 -200
3049 -150
3051 -400
3052 -300
3053 -150
3054 -400
3055 -700
3057 -200
3058 -300
3059 -200
3060 -200
3061 -700
3069 -450
3070 -350
3071 -450
3072 -450
3074 -400
3075 -400
3129 -100
3130 -100
3131 -100
3132 -100
3133 -100
3154 -1000
3155 -200
3161 -150
3165 -200
3166 -200
3167 -150
3168 -150
3169 -150
3170 -150
3172 -150
3173 -200
3174 -200
3175 -200
3177 -200
3187 -100
3189 -300
3192 -30
3193 -30
3194 -30
3195 -30
3196 -30
3221 -50
3222 -50
3223 -50
3224 -200
3225 -150
3226 -150
3228 -200
3238 -100
3245 -45
3246 -30
3297 -1000
3298 -1000
3299 -1000
3303 -50
3306 -200
3307 -200
3308 -10
3309 -20
3315 -50
3316 -100
3327 -10
3328 -300
3330 -50
3331 -300
3332 -10
3334 -50
3336 -50
3337 -10
3339 -10
3340 -10
3341 -10
3347 -10
3354 -10
3355 -50
3358 -10
3365 -30
3400 -20
3401 -200
3403 -50
3406 -75
3408 -500
3411 -75
3413 -500
3414 -200
3416 -200
3421 -150
3426 -30
3428 -50
3435 -200
3436 -50
3437 -50
3446 -100
3447 -30
3468 -100
3477 -55
3481 -10
3483 -10
3484 -100
3489 -100
3601 -10
3602 -100
3603 -30
3613 -1000
3618 -100
3619 -100
3621 -300
3622 -300
3623 -300
3624 -300
3625 -300
3626 -100
3642 -300
3643 -300
3644 -300
3645 -150
3646 -150
3648 -50
3649 -50
3650 -200
3663 -100
3664 -75
3665 -200
3666 -200
3667 -150
3669 -150
3670 -200
3671 -150
3672 -50
3673 -200
3674 -100
3675 -100
3676 -100