3 630 320 1.25
3 551.917 304.25 1.25
3 491.105 288.5 1.25
3 443.745 272.75 1.25
3 406.861 257 1.25
3 378.136 241.25 1.25
3 338.342 209.75 1.25
3 314.206 178.25 1.25
3 299.567 146.75 1.25
3 290.687 115.25 1.25
3 287.66 99.5 1.25
3 282.035 52.25 1.25
3 279 5 1.25
5 128
3 280.054 -20.75 1.25
3 282.035 -52.25 1.25
3 287.66 -99.5 1.25
3 290.687 -115.25 1.25
3 299.567 -146.75 1.25
3 314.206 -178.25 1.25
3 338.342 -209.75 1.25
3 378.136 -241.25 1.25
3 406.861 -257 1.25
3 443.745 -272.75 1.25
3 491.105 -288.5 1.25
3 551.917 -304.25 1.25
3 630 -320 1.25
3 860 -320 1.25