3 -600 -465 1.25
3 -378.852 -497.875 1.25
3 -197.79 -530.75 1.25
3 -49.5502 -563.625 1.25
3 71.8187 -596.5 1.25
3 171.187 -629.375 1.25
3 252.543 -662.25 1.25
3 319.152 -695.125 1.25
3 373.686 -728 1.25
3 418.335 -760.875 1.25
3 454.891 -793.75 1.25
3 484.82 -826.625 1.25
3 509.324 -859.5 1.25
3 529.386 -892.375 1.25
3 545.812 -925.25 1.25
3 559.26 -958.125 1.25
3 570.27 -991 1.25
3 579.285 -1023.88 1.25
3 586.665 -1056.75 1.25
3 592.708 -1089.63 1.25
3 605.022 -1188.25 1.25
3 611.78 -1286.88 1.25
3 615.489 -1385.5 1.25
3 620 -1780 1.25
5 128
3 620 -2000 1.25
3 717.5 -2263.74 1.25
3 815 -2440.54 1.25
3 912.5 -2559.04 1.25
3 1010 -2638.48 1.25
3 1107.5 -2691.73 1.25
3 1205 -2727.43 1.25
3 1302.5 -2751.35 1.25
3 1400 -2767.39 1.25
3 1497.5 -2778.14 1.25
3 1595 -2785.35 1.25
3 1692.5 -2790.18 1.25
3 1790 -2793.42 1.25
3 1887.5 -2795.59 1.25
3 1985 -2797.04 1.25
3 2082.5 -2798.02 1.25
3 2180 -2798.67 1.25
3 2277.5 -2799.11 1.25
3 2375 -2799.4 1.25
3 2472.5 -2799.6 1.25
3 2570 -2799.73 1.25
3 -580 402 1.25
