3 -1645 -300 1.25
3 -1413.18 -279.75 1.25
3 -1249.82 -259.5 1.25
3 -1134.7 -239.25 1.25
3 -1053.58 -219 1.25
3 -996.413 -198.75 1.25
3 -956.128 -178.5 1.25
3 -927.74 -158.25 1.25
3 -907.736 -138 1.25
3 -893.639 -117.75 1.25
3 -883.705 -97.5 1.25
3 -876.705 -77.25 1.25
3 -868.295 -36.75 1.25
3 -865.846 -16.5 1.25
3 -862.046 44.25 1.25
3 -860.716 105 1.25
5 0
3 -862.046 165.75 1.25
3 -865.846 226.5 1.25
3 -868.295 246.75 1.25
3 -876.705 287.25 1.25
3 -883.705 307.5 1.25
3 -893.639 327.75 1.25
3 -907.736 348 1.25
3 -927.74 368.25 1.25
3 -956.128 388.5 1.25
3 -996.413 408.75 1.25
3 -1053.58 429 1.25
3 -1134.7 449.25 1.25
3 -1249.82 469.5 1.25
3 -1413.18 489.75 1.25
3 -1645 510 1.25
